service_id,monday,tuesday,wednesday,thursday,friday,saturday,sunday,start_date,end_date
1111100-1,1,1,1,1,1,0,0,20260709,20260722
1111111-1,1,1,1,1,1,1,1,20260709,20260722
1111100-2,1,1,1,1,1,0,0,20260709,20260710
0000010-1,0,0,0,0,0,1,0,20260711,20260718
0000011-1,0,0,0,0,0,1,1,20260711,20260719
1111111-2,1,1,1,1,1,1,1,20260711,20260722
1111110-1,1,1,1,1,1,1,0,20260711,20260722
0000001-1,0,0,0,0,0,0,1,20260712,20260719
1111101-1,1,1,1,1,1,0,1,20260712,20260722
1111100-3,1,1,1,1,1,0,0,20260713,20260722
1111111-3,1,1,1,1,1,1,1,20260709,20260719
1111111-4,1,1,1,1,1,1,1,20260709,20260717
1111100-4,1,1,1,1,1,0,0,20260709,20260717
1111111-5,1,1,1,1,1,1,1,20260709,20260722
1111101-2,1,1,1,1,1,0,1,20260709,20260722
1111111-6,1,1,1,1,1,1,1,20260709,20260722
1111101-3,1,1,1,1,1,0,1,20260709,20260722
1111100-5,1,1,1,1,1,0,0,20260709,20260716
1111100-6,1,1,1,1,1,0,0,20260709,20260709
1111111-7,1,1,1,1,1,1,1,20260709,20260712
1111110-2,1,1,1,1,1,1,0,20260709,20260711
1111111-8,1,1,1,1,1,1,1,20260709,20260719
1111100-7,1,1,1,1,1,0,0,20260709,20260722
1111111-9,1,1,1,1,1,1,1,20260709,20260722
1111111-10,1,1,1,1,1,1,1,20260709,20260716
1111111-11,1,1,1,1,1,1,1,20260709,20260722
1111111-12,1,1,1,1,1,1,1,20260709,20260715
1111111-13,1,1,1,1,1,1,1,20260709,20260722
1111111-14,1,1,1,1,1,1,1,20260709,20260719
1111111-15,1,1,1,1,1,1,1,20260709,20260722
1111111-16,1,1,1,1,1,1,1,20260709,20260722
1111111-17,1,1,1,1,1,1,1,20260709,20260719
1111100-8,1,1,1,1,1,0,0,20260710,20260722
1111111-18,1,1,1,1,1,1,1,20260710,20260722
1111111-19,1,1,1,1,1,1,1,20260710,20260716
0000011-2,0,0,0,0,0,1,1,20260711,20260712
0000010-2,0,0,0,0,0,1,0,20260711,20260711
1111111-20,1,1,1,1,1,1,1,20260711,20260719
1111111-21,1,1,1,1,1,1,1,20260711,20260717
0000011-3,0,0,0,0,0,1,1,20260711,20260719
0000011-4,0,0,0,0,0,1,1,20260711,20260718
1111111-22,1,1,1,1,1,1,1,20260711,20260722
0000011-5,0,0,0,0,0,1,1,20260711,20260719
1111111-23,1,1,1,1,1,1,1,20260711,20260722
1111111-24,1,1,1,1,1,1,1,20260711,20260716
1111111-25,1,1,1,1,1,1,1,20260711,20260722
1111111-26,1,1,1,1,1,1,1,20260711,20260722
1111111-27,1,1,1,1,1,1,1,20260711,20260722
1111111-28,1,1,1,1,1,1,1,20260711,20260717
0000001-2,0,0,0,0,0,0,1,20260712,20260712
0000011-6,0,0,0,0,0,1,1,20260712,20260719
1111101-4,1,1,1,1,1,0,1,20260712,20260717
1111100-9,1,1,1,1,1,0,0,20260713,20260717
1111100-10,1,1,1,1,1,0,0,20260713,20260716
1111100-11,1,1,1,1,1,0,0,20260713,20260717
1111100-12,1,1,1,1,1,0,0,20260716,20260716
1111100-13,1,1,1,1,1,0,0,20260717,20260717
1111111-29,1,1,1,1,1,1,1,20260717,20260722
1111100-14,1,1,1,1,1,0,0,20260717,20260722
1111111-30,1,1,1,1,1,1,1,20260717,20260719
0000010-3,0,0,0,0,0,1,0,20260718,20260718
0000011-7,0,0,0,0,0,1,1,20260718,20260719
1111111-31,1,1,1,1,1,1,1,20260718,20260722
1111110-3,1,1,1,1,1,1,0,20260718,20260722
0000001-3,0,0,0,0,0,0,1,20260719,20260719
1111101-5,1,1,1,1,1,0,1,20260719,20260722
1111100-15,1,1,1,1,1,0,0,20260720,20260722
1111110-4,1,1,1,1,1,1,0,20260709,20260722
1111100-16,1,1,1,1,1,0,0,20260709,20260722
1111100-17,1,1,1,1,1,0,0,20260709,20260722
1111100-18,1,1,1,1,1,0,0,20260709,20260722
1111100-19,1,1,1,1,1,0,0,20260709,20260714
1111111-32,1,1,1,1,1,1,1,20260709,20260714
1111100-20,1,1,1,1,1,0,0,20260709,20260722
1111111-33,1,1,1,1,1,1,1,20260709,20260722
1111100-21,1,1,1,1,1,0,0,20260709,20260722
1111100-22,1,1,1,1,1,0,0,20260709,20260722
1111111-34,1,1,1,1,1,1,1,20260709,20260722
1111101-6,1,1,1,1,1,0,1,20260709,20260717
1111100-23,1,1,1,1,1,0,0,20260710,20260710
1111111-35,1,1,1,1,1,1,1,20260709,20260722
1111100-24,1,1,1,1,1,0,0,20260709,20260722
1111100-25,1,1,1,1,1,0,0,20260709,20260722
1111111-36,1,1,1,1,1,1,1,20260713,20260722
1111111-37,1,1,1,1,1,1,1,20260709,20260722
1111100-26,1,1,1,1,1,0,0,20260709,20260722
1111100-27,1,1,1,1,1,0,0,20260709,20260722
1111100-28,1,1,1,1,1,0,0,20260709,20260722
1111111-38,1,1,1,1,1,1,1,20260709,20260722
1111100-29,1,1,1,1,1,0,0,20260714,20260714
1111100-30,1,1,1,1,1,0,0,20260715,20260722
1111111-39,1,1,1,1,1,1,1,20260715,20260722
1111100-31,1,1,1,1,1,0,0,20260715,20260722
1111100-32,1,1,1,1,1,0,0,20260717,20260722
0000011-8,0,0,0,0,0,1,1,20260711,20260719
0000010-4,0,0,0,0,0,1,0,20260711,20260718
1111111-40,1,1,1,1,1,1,1,20260715,20260722
1111111-41,1,1,1,1,1,1,1,20260709,20260722
0000001-4,0,0,0,0,0,0,1,20260712,20260719
1111100-33,1,1,1,1,1,0,0,20260709,20260722
1111100-34,1,1,1,1,1,0,0,20260715,20260722
1111100-35,1,1,1,1,1,0,0,20260717,20260722
1111111-42,1,1,1,1,1,1,1,20260709,20260721
1111111-43,1,1,1,1,1,1,1,20260709,20260719
1111101-7,1,1,1,1,1,0,1,20260709,20260719
1111111-44,1,1,1,1,1,1,1,20260714,20260715
1111111-45,1,1,1,1,1,1,1,20260715,20260721
1111100-36,1,1,1,1,1,0,0,20260709,20260722
1111111-46,1,1,1,1,1,1,1,20260709,20260722
1111100-37,1,1,1,1,1,0,0,20260709,20260713
1111111-47,1,1,1,1,1,1,1,20260709,20260722
1111100-38,1,1,1,1,1,0,0,20260709,20260722
1111100-39,1,1,1,1,1,0,0,20260714,20260722
1111100-40,1,1,1,1,1,0,0,20260709,20260722
1111100-41,1,1,1,1,1,0,0,20260709,20260722
1111101-8,1,1,1,1,1,0,1,20260709,20260722
1111100-42,1,1,1,1,1,0,0,20260709,20260722
1111100-43,1,1,1,1,1,0,0,20260709,20260722
1111100-44,1,1,1,1,1,0,0,20260709,20260722
1111111-48,1,1,1,1,1,1,1,20260709,20260722
1111100-45,1,1,1,1,1,0,0,20260709,20260715
1111001-1,1,1,1,1,0,0,1,20260709,20260722
1111000-1,1,1,1,1,0,0,0,20260709,20260722
1111110-5,1,1,1,1,1,1,0,20260710,20260722
1111100-46,1,1,1,1,1,0,0,20260710,20260716
1111100-47,1,1,1,1,1,0,0,20260709,20260722
0000110-1,0,0,0,0,1,1,0,20260710,20260718
0000110-2,0,0,0,0,1,1,0,20260710,20260711
0000011-9,0,0,0,0,0,1,1,20260711,20260719
0000011-10,0,0,0,0,0,1,1,20260711,20260711
0000011-11,0,0,0,0,0,1,1,20260712,20260712
1111111-49,1,1,1,1,1,1,1,20260713,20260719
1111100-48,1,1,1,1,1,0,0,20260713,20260722
1111100-49,1,1,1,1,1,0,0,20260713,20260722
1111100-50,1,1,1,1,1,0,0,20260715,20260715
1111100-51,1,1,1,1,1,0,0,20260716,20260722
1111111-50,1,1,1,1,1,1,1,20260716,20260722
0000110-3,0,0,0,0,1,1,0,20260717,20260718
0000011-12,0,0,0,0,0,1,1,20260712,20260719
0000011-13,0,0,0,0,0,1,1,20260711,20260718
1111100-52,1,1,1,1,1,0,0,20260713,20260715
1111110-6,1,1,1,1,1,1,0,20260717,20260722
1111111-51,1,1,1,1,1,1,1,20260711,20260715
1111100-53,1,1,1,1,1,0,0,20260717,20260722
1111101-9,1,1,1,1,1,0,1,20260709,20260716
1111101-10,1,1,1,1,1,0,1,20260717,20260719
1111100-54,1,1,1,1,1,0,0,20260709,20260722
1111100-55,1,1,1,1,1,0,0,20260709,20260722
1111100-56,1,1,1,1,1,0,0,20260709,20260722
1111100-57,1,1,1,1,1,0,0,20260709,20260722
1111100-58,1,1,1,1,1,0,0,20260709,20260722
1111100-59,1,1,1,1,1,0,0,20260709,20260722
1111100-60,1,1,1,1,1,0,0,20260709,20260717
1111100-61,1,1,1,1,1,0,0,20260709,20260710
0000100-1,0,0,0,0,1,0,0,20260710,20260717
0000100-2,0,0,0,0,1,0,0,20260710,20260710
0000100-3,0,0,0,0,1,0,0,20260717,20260717
0000011-14,0,0,0,0,0,1,1,20260711,20260712
0000011-15,0,0,0,0,0,1,1,20260711,20260718
0000011-16,0,0,0,0,0,1,1,20260711,20260719
1111111_TR1,1,1,1,1,1,1,1,20251214,20261212
1111111_TR2,1,1,1,1,1,1,1,20260216,20261212
1111111_TR3,1,1,1,1,1,1,1,20260417,20261212
1111111_TR4,1,1,1,1,1,1,1,20260501,20261212
1111100_TR1,1,1,1,1,1,0,0,20251215,20261211
1111101_TR1,1,1,1,1,1,0,1,20251214,20261211
1111101_TR2,1,1,1,1,1,0,1,20260630,20260721
1111101_TR3,1,1,1,1,1,0,1,20260707,20260714
1111110_TR1,1,1,1,1,1,1,0,20251215,20261212
1111111_TR5,1,1,1,1,1,1,1,20251214,20261212
1111111_TR6,1,1,1,1,1,1,1,20260630,20260721
1111111_TR7,1,1,1,1,1,1,1,20260707,20260714
1111111_TR8,1,1,1,1,1,1,1,20251214,20261212
0100001_TR1,0,1,0,0,0,0,1,20260721,20260809
0010000_TR1,0,0,1,0,0,0,0,20260909,20260909
0011100_TR1,0,0,1,1,1,0,0,20260707,20260710
1111101_TR4,1,1,1,1,1,0,1,20251214,20261211
1111111_TR9,1,1,1,1,1,1,1,20251214,20261212
1111111_TR10,1,1,1,1,1,1,1,20251214,20261212
1111111_TR11,1,1,1,1,1,1,1,20251214,20261212
1111111_TR12,1,1,1,1,1,1,1,20251214,20261212
1111100_TR2,1,1,1,1,1,0,0,20251215,20261211
1111111_TR13,1,1,1,1,1,1,1,20251214,20261212
0000011_TR1,0,0,0,0,0,1,1,20251214,20261212
0000011_TR2,0,0,0,0,0,1,1,20251214,20261212
1111101_TR5,1,1,1,1,1,0,1,20251214,20261211
1111100_TR3,1,1,1,1,1,0,0,20251215,20261211
0000010_TR1,0,0,0,0,0,1,0,20251220,20261212
1111111_TR14,1,1,1,1,1,1,1,20251214,20261212
0000010_TR2,0,0,0,0,0,1,0,20251220,20261212
0000001_TR1,0,0,0,0,0,0,1,20251214,20261206
1111101_TR6,1,1,1,1,1,0,1,20251214,20261211
1111110_TR2,1,1,1,1,1,1,0,20260302,20261212
0000001_TR2,0,0,0,0,0,0,1,20260308,20261206
1111111_TR15,1,1,1,1,1,1,1,20251214,20261212
0000011_TR3,0,0,0,0,0,1,1,20251214,20261212
0000011_TR4,0,0,0,0,0,1,1,20260614,20260712
1111111_TR16,1,1,1,1,1,1,1,20251214,20261212
1011111_TR1,1,0,1,1,1,1,1,20260706,20260713
1111111_TR17,1,1,1,1,1,1,1,20251214,20261212
0011100_TR2,0,0,1,1,1,0,0,20260630,20260717
1100011_TR1,1,1,0,0,0,1,1,20260718,20260721
1111100_TR4,1,1,1,1,1,0,0,20251215,20261211
1111100_TR5,1,1,1,1,1,0,0,20260615,20260717
1111111_TR18,1,1,1,1,1,1,1,20251214,20261212
1111111_TR19,1,1,1,1,1,1,1,20260614,20260717
1000011_TR1,1,0,0,0,0,1,1,20260725,20260727
1111111_TR20,1,1,1,1,1,1,1,20251214,20261212
1111100_TR6,1,1,1,1,1,0,0,20251215,20261211
1000000_TR1,1,0,0,0,0,0,0,20260727,20260727
0000011_TR5,0,0,0,0,0,1,1,20251214,20261212
0000011_TR6,0,0,0,0,0,1,1,20260614,20260712
0000011_TR7,0,0,0,0,0,1,1,20260725,20260726
1111111_TR21,1,1,1,1,1,1,1,20251214,20261212
1111111_TR22,1,1,1,1,1,1,1,20260614,20260717
1111111_TR23,1,1,1,1,1,1,1,20251214,20261212
1111111_TR24,1,1,1,1,1,1,1,20251214,20261212
0000011_TR8,0,0,0,0,0,1,1,20251214,20261212
0000011_TR9,0,0,0,0,0,1,1,20260711,20260712
0011100_TR3,0,0,1,1,1,0,0,20260614,20260717
1111111_TR25,1,1,1,1,1,1,1,20251214,20261212
0000011_TR10,0,0,0,0,0,1,1,20251214,20261212
0000001_TR3,0,0,0,0,0,0,1,20251214,20261206
1111110_TR3,1,1,1,1,1,1,0,20251215,20261212
0000001_TR4,0,0,0,0,0,0,1,20251214,20261206
1111111_TR26,1,1,1,1,1,1,1,20251214,20261212
0011111_TR1,0,0,1,1,1,1,1,20260707,20260712
0000011_TR11,0,0,0,0,0,1,1,20251214,20261212
1111100_TR7,1,1,1,1,1,0,0,20251215,20261211
1111111_TR27,1,1,1,1,1,1,1,20251214,20261212
1111111_TR28,1,1,1,1,1,1,1,20251214,20261212
1111111_TR29,1,1,1,1,1,1,1,20251214,20261212
0000001_TR5,0,0,0,0,0,0,1,20251214,20261206
0000010_TR3,0,0,0,0,0,1,0,20251220,20261212
1111100_TR8,1,1,1,1,1,0,0,20251215,20261211
1111100_TR9,1,1,1,1,1,0,0,20260715,20260721
0000010_TR4,0,0,0,0,0,1,0,20251220,20261212
0000010_TR5,0,0,0,0,0,1,0,20260718,20260718
0000001_TR6,0,0,0,0,0,0,1,20251214,20261206
1111101_TR7,1,1,1,1,1,0,1,20251214,20261211
1011101_TR1,1,0,1,1,1,0,1,20260715,20260720
1111111_TR30,1,1,1,1,1,1,1,20251214,20261212
1111111_TR31,1,1,1,1,1,1,1,20260715,20260721
1111110_TR4,1,1,1,1,1,1,0,20251215,20261212
1111110_TR5,1,1,1,1,1,1,0,20260715,20260721
0000001_TR7,0,0,0,0,0,0,1,20251214,20261206
0000001_TR8,0,0,0,0,0,0,1,20260719,20260719
1111101_TR8,1,1,1,1,1,0,1,20260715,20260721
1111111_TR32,1,1,1,1,1,1,1,20260218,20261212
1111101_TR9,1,1,1,1,1,0,1,20251214,20261211
1111111_TR33,1,1,1,1,1,1,1,20251214,20261212
0000001_TR9,0,0,0,0,0,0,1,20251214,20261206
1111100_TR10,1,1,1,1,1,0,0,20251215,20261211
1000000_TR2,1,0,0,0,0,0,0,20251215,20261207
1000000_TR3,1,0,0,0,0,0,0,20260720,20260720
0111100_TR1,0,1,1,1,1,0,0,20251216,20261211
0111100_TR2,0,1,1,1,1,0,0,20260715,20260721
0000010_TR6,0,0,0,0,0,1,0,20251220,20261212
0000011_TR12,0,0,0,0,0,1,1,20251214,20261212
0000011_TR13,0,0,0,0,0,1,1,20260718,20260719
1111000_TR1,1,1,1,1,0,0,0,20251215,20261210
1111111_TR34,1,1,1,1,1,1,1,20251214,20261212
1111110_TR6,1,1,1,1,1,1,0,20251215,20261212
0000001_TR10,0,0,0,0,0,0,1,20251214,20261206
0000011_TR14,0,0,0,0,0,1,1,20260501,20260928
1111111_TR35,1,1,1,1,1,1,1,20260425,20260928
0000001_TR11,0,0,0,0,0,0,1,20260823,20260823
0111111_TR1,0,1,1,1,1,1,1,20251214,20261212
1000000_TR4,1,0,0,0,0,0,0,20251215,20261207
0000001_TR12,0,0,0,0,0,0,1,20251214,20261206
1111110_TR7,1,1,1,1,1,1,0,20251220,20261212
1111100_TR11,1,1,1,1,1,0,0,20251215,20261211
1111000_TR2,1,1,1,1,0,0,0,20260601,20260924
0000100_TR1,0,0,0,0,1,0,0,20260605,20260925
0000010_TR7,0,0,0,0,0,1,0,20260425,20260927
0000010_TR8,0,0,0,0,0,1,0,20260829,20260829
0000001_TR13,0,0,0,0,0,0,1,20260426,20260928
1111011_TR1,1,1,1,1,0,1,1,20251214,20261212
0000100_TR2,0,0,0,0,1,0,0,20251219,20261211
1111000_TR3,1,1,1,1,0,0,0,20251215,20261210
0000100_TR3,0,0,0,0,1,0,0,20251219,20261211
1111000_TR4,1,1,1,1,0,0,0,20251215,20261210
0000010_TR9,0,0,0,0,0,1,0,20251220,20261212
0000001_TR14,0,0,0,0,0,0,1,20251214,20261206
0000000_TR1,0,0,0,0,0,0,0,20251228,20261117
1111010_TR1,1,1,1,1,0,1,0,20251222,20260927
0000111_TR1,0,0,0,0,1,1,1,20251214,20261212
0000011_TR15,0,0,0,0,0,1,1,20251214,20261212
1111100_TR12,1,1,1,1,1,0,0,20251215,20261211
1111000_TR5,1,1,1,1,0,0,0,20251215,20261210
1111011_TR2,1,1,1,1,0,1,1,20251214,20261212
1100111_TR1,1,1,0,0,1,1,1,20251214,20261212
0011000_TR1,0,0,1,1,0,0,0,20251217,20261210
1111010_TR2,1,1,1,1,0,1,0,20251214,20261212
0000101_TR1,0,0,0,0,1,0,1,20251214,20261211
1111000_TR6,1,1,1,1,0,0,0,20260403,20260831
0000001_TR15,0,0,0,0,0,0,1,20260503,20260928
0000010_TR10,0,0,0,0,0,1,0,20260501,20260927
1111100_TR13,1,1,1,1,1,0,0,20251215,20261211
0000011_TR16,0,0,0,0,0,1,1,20251214,20261212
0000011_TR17,0,0,0,0,0,1,1,20251214,20261212
1111111_TR36,1,1,1,1,1,1,1,20251214,20261212
0000001_TR16,0,0,0,0,0,0,1,20251214,20261206
0000001_TR17,0,0,0,0,0,0,1,20260726,20260726
1111110_TR8,1,1,1,1,1,1,0,20251215,20261212
1000010_TR1,1,0,0,0,0,1,0,20260725,20260727
0000010_TR11,0,0,0,0,0,1,0,20251220,20261212
0000010_TR12,0,0,0,0,0,1,0,20260725,20260725
0000001_TR18,0,0,0,0,0,0,1,20251214,20261206
1111100_TR14,1,1,1,1,1,0,0,20251215,20261211
0000011_TR18,0,0,0,0,0,1,1,20251214,20261212
1111111_TR37,1,1,1,1,1,1,1,20251214,20261212
0000001_TR19,0,0,0,0,0,0,1,20251214,20261206
1111110_TR9,1,1,1,1,1,1,0,20251215,20261212
0000011_TR19,0,0,0,0,0,1,1,20251214,20261212
1111000_TR7,1,1,1,1,0,0,0,20251215,20261210
0000100_TR4,0,0,0,0,1,0,0,20251219,20261211
0000000_TR2,0,0,0,0,0,0,0,20251222,20261030
0000010_TR13,0,0,0,0,0,1,0,20251220,20261212
0000001_TR20,0,0,0,0,0,0,1,20251214,20261206
0000000_TR3,0,0,0,0,0,0,0,20251214,20261212
0000000_TR4,0,0,0,0,0,0,0,20251215,20261211
0000000_TR5,0,0,0,0,0,0,0,20251214,20261212
0000000_TR6,0,0,0,0,0,0,0,20251214,20261206
0000000_TR7,0,0,0,0,0,0,0,20251215,20261212
0000000_TR8,0,0,0,0,0,0,0,20251220,20261212
0000000_TR9,0,0,0,0,0,0,0,20251214,20261211
0000000_TR10,0,0,0,0,0,0,0,20251214,20261206
0000000_TR11,0,0,0,0,0,0,0,20251221,20261212
0000000_TR12,0,0,0,0,0,0,0,20251214,20261212
0000000_TR13,0,0,0,0,0,0,0,20251220,20261212
0000000_TR14,0,0,0,0,0,0,0,20251214,20261206
0000000_TR15,0,0,0,0,0,0,0,20251219,20261211
0000000_TR16,0,0,0,0,0,0,0,20251215,20261210
0000000_TR17,0,0,0,0,0,0,0,20251214,20261211
0000000_TR18,0,0,0,0,0,0,0,20251215,20261212
0000000_TR19,0,0,0,0,0,0,0,20251214,20261212
0000000_TR20,0,0,0,0,0,0,0,20251214,20261212
0000000_TR21,0,0,0,0,0,0,0,20251220,20261212
0000000_TR22,0,0,0,0,0,0,0,20251219,20261211
0000000_TR23,0,0,0,0,0,0,0,20251215,20261210
0000010_TR14,0,0,0,0,0,1,0,20260403,20261031
0000010_TR15,0,0,0,0,0,1,0,20260725,20260808
0000001_TR21,0,0,0,0,0,0,1,20260404,20261101
0000001_TR22,0,0,0,0,0,0,1,20260726,20260802
1111100_TR15,1,1,1,1,1,0,0,20260407,20261030
1111100_TR16,1,1,1,1,1,0,0,20260722,20260807
0000011_TR20,0,0,0,0,0,1,1,20260403,20261101
0000011_TR21,0,0,0,0,0,1,1,20260725,20260808
0000011_TR22,0,0,0,0,0,1,1,20260403,20261101
1111100_TR17,1,1,1,1,1,0,0,20260404,20261030
1111101_TR10,1,1,1,1,1,0,1,20260404,20261101
1111101_TR11,1,1,1,1,1,0,1,20260722,20260807
0000001_TR23,0,0,0,0,0,0,1,20260403,20261101
0000010_TR16,0,0,0,0,0,1,0,20260404,20261031
0000100_TR5,0,0,0,0,1,0,0,20260410,20261030
0000100_TR6,0,0,0,0,1,0,0,20260724,20260807
1111000_TR8,1,1,1,1,0,0,0,20260407,20261029
1111000_TR9,1,1,1,1,0,0,0,20260722,20260806
1111010_TR3,1,1,1,1,0,1,0,20260404,20261031
1111010_TR4,1,1,1,1,0,1,0,20260722,20260808
0000101_TR2,0,0,0,0,1,0,1,20260403,20261101
0000101_TR3,0,0,0,0,1,0,1,20260724,20260807
0000001_TR24,0,0,0,0,0,0,1,20260406,20261101
0000010_TR17,0,0,0,0,0,1,0,20260403,20261031
0000100_TR7,0,0,0,0,1,0,0,20260410,20261030
1111011_TR3,1,1,1,1,0,1,1,20260403,20261101
1111011_TR4,1,1,1,1,0,1,1,20260722,20260808
1111111_TR38,1,1,1,1,1,1,1,20260403,20261101
1111111_TR39,1,1,1,1,1,1,1,20260722,20260807
0000010_TR18,0,0,0,0,0,1,0,20260403,20261031
0000010_TR19,0,0,0,0,0,1,0,20260725,20260801
1111000_TR10,1,1,1,1,0,0,0,20260407,20261029
1111110_TR10,1,1,1,1,1,1,0,20260601,20261212
1111111_TR40,1,1,1,1,1,1,1,20260601,20261212
0000001_TR25,0,0,0,0,0,0,1,20260607,20261206
0000011_TR23,0,0,0,0,0,1,1,20260321,20261101
0000011_TR24,0,0,0,0,0,1,1,20260704,20260830
0000011_TR25,0,0,0,0,0,1,1,20260321,20261101
0000011_TR26,0,0,0,0,0,1,1,20260418,20260830
0000011_TR27,0,0,0,0,0,1,1,20260321,20260928
1111111_TR41,1,1,1,1,1,1,1,20251214,20261211
0000010_TR20,0,0,0,0,0,1,0,20261212,20261212
1111100_TR18,1,1,1,1,1,0,0,20251215,20261211
1111100_TR19,1,1,1,1,1,0,0,20260707,20260721
1111100_TR20,1,1,1,1,1,0,0,20251215,20261211
1111100_TR21,1,1,1,1,1,0,0,20260713,20260731
1111100_TR22,1,1,1,1,1,0,0,20260309,20261211
0000011_TR28,0,0,0,0,0,1,1,20251214,20261212
0000001_TR26,0,0,0,0,0,0,1,20260607,20261206
1111100_TR23,1,1,1,1,1,0,0,20260617,20261211
1111100_TR24,1,1,1,1,1,0,0,20260601,20261211
0000011_TR29,0,0,0,0,0,1,1,20260606,20261212
1111100_TR25,1,1,1,1,1,0,0,20260707,20261211
0000011_TR30,0,0,0,0,0,1,1,20260606,20260928
0000011_TR31,0,0,0,0,0,1,1,20260321,20261101
0000011_TR32,0,0,0,0,0,1,1,20260711,20260719
0000011_TR33,0,0,0,0,0,1,1,20260321,20261101
0000001_TR27,0,0,0,0,0,0,1,20260322,20261101
0000000_TR24,0,0,0,0,0,0,0,20260404,20260927
0000010_TR21,0,0,0,0,0,1,0,20260321,20261031
0000011_TR34,0,0,0,0,0,1,1,20251214,20261212
1111110_TR11,1,1,1,1,1,1,0,20251215,20261212
0000001_TR28,0,0,0,0,0,0,1,20251214,20261206
1111100_TR26,1,1,1,1,1,0,0,20260624,20261211
0000011_TR35,0,0,0,0,0,1,1,20260425,20260928
1111100_TR27,1,1,1,1,1,0,0,20260616,20261211
0000010_TR22,0,0,0,0,0,1,0,20251220,20261212
1111111_TR42,1,1,1,1,1,1,1,20251213,20261211
1000000_TR5,1,0,0,0,0,0,0,20251215,20261207
0111111_TR2,0,1,1,1,1,1,1,20251214,20261212
1111111_TR43,1,1,1,1,1,1,1,20251214,20261212
0000000_TR25,0,0,0,0,0,0,0,20251214,20261212
1111111_TR44,1,1,1,1,1,1,1,20251215,20261211
0000000_TR26,0,0,0,0,0,0,0,20251220,20261212
1111110_TR12,1,1,1,1,1,1,0,20251215,20261211
1111101_TR12,1,1,1,1,1,0,1,20251214,20261212
1111100_TR28,1,1,1,1,1,0,0,20251214,20261212
0000000_TR27,0,0,0,0,0,0,0,20251214,20261212
1111110_TR13,1,1,1,1,1,1,0,20251215,20261212
1111100_TR29,1,1,1,1,1,0,0,20260615,20261211
1111111_TR45,1,1,1,1,1,1,1,20251214,20261212
1111111_TR46,1,1,1,1,1,1,1,20260706,20260721
1111100_TR30,1,1,1,1,1,0,0,20260626,20261211
1111110_TR14,1,1,1,1,1,1,0,20260309,20261212
1111110_TR15,1,1,1,1,1,1,0,20260707,20260721
0000001_TR29,0,0,0,0,0,0,1,20260308,20261206
0000001_TR30,0,0,0,0,0,0,1,20260706,20260719
0000011_TR36,0,0,0,0,0,1,1,20251214,20261212
0000011_TR37,0,0,0,0,0,1,1,20260706,20260719
1111111_TR47,1,1,1,1,1,1,1,20251214,20261212
1111111_TR48,1,1,1,1,1,1,1,20260705,20260721
1111100_TR31,1,1,1,1,1,0,0,20251215,20261211
0000011_TR38,0,0,0,0,0,1,1,20260705,20260719
0000011_TR39,0,0,0,0,0,1,1,20251214,20261212
1111111_TR49,1,1,1,1,1,1,1,20251214,20261212
1111001_TR1,1,1,1,1,0,0,1,20251214,20261210
1111001_TR2,1,1,1,1,0,0,1,20260706,20260721
0000110_TR1,0,0,0,0,1,1,0,20251219,20261212
0000110_TR2,0,0,0,0,1,1,0,20260705,20260718
1111111_TR50,1,1,1,1,1,1,1,20260308,20261212
1111111_TR51,1,1,1,1,1,1,1,20251214,20261212
0000010_TR23,0,0,0,0,0,1,0,20251220,20261212
0000010_TR24,0,0,0,0,0,1,0,20260711,20260718
1111111_TR52,1,1,1,1,1,1,1,20251214,20261212
1111100_TR32,1,1,1,1,1,0,0,20260427,20260831
1111100_TR33,1,1,1,1,1,0,0,20260701,20260831
1111100_TR34,1,1,1,1,1,0,0,20251215,20261211
1111111_TR53,1,1,1,1,1,1,1,20251214,20261212
1111111_TR54,1,1,1,1,1,1,1,20260425,20260928
1111100_TR35,1,1,1,1,1,0,0,20260701,20260831
1111111_TR55,1,1,1,1,1,1,1,20251214,20261212
1100101_TR1,1,1,0,0,1,0,1,20260802,20260807
0011000_TR2,0,0,1,1,0,0,0,20260707,20260716
1111111_TR56,1,1,1,1,1,1,1,20251213,20261211
1001011_TR1,1,0,0,1,0,1,1,20260801,20260806
0110000_TR1,0,1,1,0,0,0,0,20260706,20260715
0111100_TR3,0,1,1,1,1,0,0,20251216,20261211
0000010_TR25,0,0,0,0,0,1,0,20251220,20261212
1111101_TR13,1,1,1,1,1,0,1,20251214,20261211
0000011_TR40,0,0,0,0,0,1,1,20251214,20261212
1111000_TR11,1,1,1,1,0,0,0,20251215,20261210
0000111_TR2,0,0,0,0,1,1,1,20251214,20261212
1111111_TR57,1,1,1,1,1,1,1,20251214,20261212
1000111_TR1,1,0,0,0,1,1,1,20260724,20260727
1111111_TR58,1,1,1,1,1,1,1,20251214,20261212
1111100_TR36,1,1,1,1,1,0,0,20251215,20261211
1001100_TR1,1,0,0,1,1,0,0,20260723,20260727
1111100_TR37,1,1,1,1,1,0,0,20251215,20261211
0001100_TR1,0,0,0,1,1,0,0,20260723,20260724
1111100_TR38,1,1,1,1,1,0,0,20251215,20261211
1111111_TR59,1,1,1,1,1,1,1,20251214,20261212
0001111_TR1,0,0,0,1,1,1,1,20260723,20260726
0000001_TR31,0,0,0,0,0,0,1,20251214,20261206
1111100_TR39,1,1,1,1,1,0,0,20260615,20261211
0000011_TR41,0,0,0,0,0,1,1,20260614,20261212
0000011_TR42,0,0,0,0,0,1,1,20260511,20260830
1111111_TR60,1,1,1,1,1,1,1,20251214,20261212
1111111_TR61,1,1,1,1,1,1,1,20260614,20261212
0000011_TR43,0,0,0,0,0,1,1,20251214,20261212
1111111_TR62,1,1,1,1,1,1,1,20251214,20261212
0000011_TR44,0,0,0,0,0,1,1,20260615,20260830
1111111_TR63,1,1,1,1,1,1,1,20260614,20261212
1111111_TR64,1,1,1,1,1,1,1,20260614,20261212
0000100_TR8,0,0,0,0,1,0,0,20251219,20261211
1111111_TR65,1,1,1,1,1,1,1,20251214,20261212
0000011_TR45,0,0,0,0,0,1,1,20251214,20261212
1111100_TR40,1,1,1,1,1,0,0,20260313,20261211
0000011_TR46,0,0,0,0,0,1,1,20251214,20261212
0000011_TR47,0,0,0,0,0,1,1,20260704,20260712
1111101_TR14,1,1,1,1,1,0,1,20251214,20261211
0000011_TR48,0,0,0,0,0,1,1,20260620,20261212
0000001_TR32,0,0,0,0,0,0,1,20260621,20261206
0000010_TR26,0,0,0,0,0,1,0,20260620,20261212
1111111_TR66,1,1,1,1,1,1,1,20260617,20261212
0000001_TR33,0,0,0,0,0,0,1,20260621,20261206
1111110_TR16,1,1,1,1,1,1,0,20260617,20261212
0000101_TR4,0,0,0,0,1,0,1,20260619,20261211
1111000_TR12,1,1,1,1,0,0,0,20260617,20261210
0000010_TR27,0,0,0,0,0,1,0,20260606,20261212
0000000_TR28,0,0,0,0,0,0,0,20251220,20261212
0000010_TR28,0,0,0,0,0,1,0,20260620,20261205
1111101_TR15,1,1,1,1,1,0,1,20260601,20261211
0000011_TR49,0,0,0,0,0,1,1,20251214,20261212
0000000_TR29,0,0,0,0,0,0,0,20251214,20261212
1111111_TR67,1,1,1,1,1,1,1,20260321,20261211
1111100_TR41,1,1,1,1,1,0,0,20251214,20261212
1111111_TR68,1,1,1,1,1,1,1,20251214,20261212
0000010_TR29,0,0,0,0,0,1,0,20251220,20261212
1111100_TR42,1,1,1,1,1,0,0,20251214,20261212
0000000_TR30,0,0,0,0,0,0,0,20251214,20261212
0000011_TR50,0,0,0,0,0,1,1,20251214,20261212
0000011_TR51,0,0,0,0,0,1,1,20260704,20261018
1111100_TR43,1,1,1,1,1,0,0,20251215,20261211
1111100_TR44,1,1,1,1,1,0,0,20251215,20261211
1111100_TR45,1,1,1,1,1,0,0,20260708,20260721
0000011_TR52,0,0,0,0,0,1,1,20251214,20261212
1111111_TR69,1,1,1,1,1,1,1,20251214,20261212
1111111_TR70,1,1,1,1,1,1,1,20260708,20260721
0000011_TR53,0,0,0,0,0,1,1,20251214,20261212
1111100_TR46,1,1,1,1,1,0,0,20251215,20261211
1111101_TR16,1,1,1,1,1,0,1,20251214,20261211
1111101_TR17,1,1,1,1,1,0,1,20260708,20260721
0000010_TR30,0,0,0,0,0,1,0,20251220,20261212
0000010_TR31,0,0,0,0,0,1,0,20251220,20261212
1111100_TR47,1,1,1,1,1,0,0,20251215,20261211
1111100_TR48,1,1,1,1,1,0,0,20251222,20261030
1111100_TR49,1,1,1,1,1,0,0,20260107,20261211
1111111_TR71,1,1,1,1,1,1,1,20251214,20261212
0000011_TR54,0,0,0,0,0,1,1,20251214,20261212
1111111_TR72,1,1,1,1,1,1,1,20251214,20261212
0011000_TR3,0,0,1,1,0,0,0,20260722,20260723
0000010_TR32,0,0,0,0,0,1,0,20251220,20261212
1111111_TR73,1,1,1,1,1,1,1,20251214,20261212
1111100_TR50,1,1,1,1,1,0,0,20251215,20261211
0000001_TR34,0,0,0,0,0,0,1,20251214,20261206
1111100_TR51,1,1,1,1,1,0,0,20251215,20261211
1111100_TR52,1,1,1,1,1,0,0,20260605,20260831
1111111_TR74,1,1,1,1,1,1,1,20251214,20261212
0000011_TR55,0,0,0,0,0,1,1,20251214,20261212
0000000_TR31,0,0,0,0,0,0,0,20260321,20261101
0000100_TR9,0,0,0,0,1,0,0,20260703,20260828
0000100_TR10,0,0,0,0,1,0,0,20260320,20261030
1111000_TR13,1,1,1,1,0,0,0,20251222,20260831
1111000_TR14,1,1,1,1,0,0,0,20251215,20261211
1111100_TR53,1,1,1,1,1,0,0,20251222,20260831
0000011_TR56,0,0,0,0,0,1,1,20251214,20261212
1111100_TR54,1,1,1,1,1,0,0,20251231,20260831
1111100_TR55,1,1,1,1,1,0,0,20251215,20261211
0000100_TR11,0,0,0,0,1,0,0,20260320,20261030
0000110_TR3,0,0,0,0,1,1,0,20260320,20261031
0000001_TR35,0,0,0,0,0,0,1,20260322,20261101
1111100_TR56,1,1,1,1,1,0,0,20251215,20261211
0000000_TR32,0,0,0,0,0,0,0,20260727,20260930
0000011_TR57,0,0,0,0,0,1,1,20251214,20261212
0000001_TR36,0,0,0,0,0,0,1,20260725,20260928
1111111_TR75,1,1,1,1,1,1,1,20251214,20261212
0000001_TR37,0,0,0,0,0,0,1,20260725,20260930
1111111_TR76,1,1,1,1,1,1,1,20251214,20261212
1000000_TR6,1,0,0,0,0,0,0,20260531,20260727
1111111_TR77,1,1,1,1,1,1,1,20260129,20261211
0000011_TR58,0,0,0,0,0,1,1,20260131,20261212
1111100_TR57,1,1,1,1,1,0,0,20260126,20261211
1111100_TR58,1,1,1,1,1,0,0,20260128,20261211
1111100_TR59,1,1,1,1,1,0,0,20260129,20261211
0000010_TR33,0,0,0,0,0,1,0,20260214,20261212
0000001_TR38,0,0,0,0,0,0,1,20251214,20261206
1111110_TR17,1,1,1,1,1,1,0,20260128,20261211
0000001_TR39,0,0,0,0,0,0,1,20251214,20261212
0000001_TR40,0,0,0,0,0,0,1,20260131,20261212
1111110_TR18,1,1,1,1,1,1,0,20251215,20261211
0000001_TR41,0,0,0,0,0,0,1,20260214,20261212
1111100_TR60,1,1,1,1,1,0,0,20260128,20261211
0000010_TR34,0,0,0,0,0,1,0,20260214,20261212
0000001_TR42,0,0,0,0,0,0,1,20251214,20261206
0000010_TR35,0,0,0,0,0,1,0,20260321,20261031
1111111_TR78,1,1,1,1,1,1,1,20260128,20261212
1111101_TR18,1,1,1,1,1,0,1,20251214,20261212
1000001_TR1,1,0,0,0,0,0,1,20260726,20260727
1111110_TR19,1,1,1,1,1,1,0,20260128,20261211
1111101_TR19,1,1,1,1,1,0,1,20260128,20261212
0000001_TR43,0,0,0,0,0,0,1,20260322,20261101
0000000_TR33,0,0,0,0,0,0,0,20260214,20261212
0000011_TR59,0,0,0,0,0,1,1,20260321,20261101
1111100_TR61,1,1,1,1,1,0,0,20251214,20261212
1111100_TR62,1,1,1,1,1,0,0,20260128,20261211
1111111_TR79,1,1,1,1,1,1,1,20251215,20261211
0000000_TR34,0,0,0,0,0,0,0,20260131,20261212
1111100_TR63,1,1,1,1,1,0,0,20260128,20261212
1111111_TR80,1,1,1,1,1,1,1,20260128,20261211
1111111_TR81,1,1,1,1,1,1,1,20260128,20261211
1111111_TR82,1,1,1,1,1,1,1,20260129,20261211
1111101_TR20,1,1,1,1,1,0,1,20260129,20261211
0000010_TR36,0,0,0,0,0,1,0,20251214,20261212
0000010_TR37,0,0,0,0,0,1,0,20260321,20261031
0000001_TR44,0,0,0,0,0,0,1,20260322,20261101
1111111_TR83,1,1,1,1,1,1,1,20260129,20261211
1111111_TR84,1,1,1,1,1,1,1,20260128,20261211
1111101_TR21,1,1,1,1,1,0,1,20260129,20261211
0000010_TR38,0,0,0,0,0,1,0,20251214,20261212
1111111_TR85,1,1,1,1,1,1,1,20251214,20261212
1111100_TR64,1,1,1,1,1,0,0,20251215,20261211
1111100_TR65,1,1,1,1,1,0,0,20260707,20260714
1111111_TR86,1,1,1,1,1,1,1,20260129,20261212
1111111_TR87,1,1,1,1,1,1,1,20260630,20260721
1111100_TR66,1,1,1,1,1,0,0,20260129,20261211
0000011_TR60,0,0,0,0,0,1,1,20251214,20261212
1111111_TR88,1,1,1,1,1,1,1,20260129,20261212
1111111_TR89,1,1,1,1,1,1,1,20260630,20260721
1111111_TR90,1,1,1,1,1,1,1,20251214,20261212
1111111_TR91,1,1,1,1,1,1,1,20251214,20261212
0000000_TR35,0,0,0,0,0,0,0,20251214,20261212
0000011_TR61,0,0,0,0,0,1,1,20260403,20261101
0000000_TR36,0,0,0,0,0,0,0,20251219,20261211
1111100_TR67,1,1,1,1,1,0,0,20251215,20261210
0000011_TR62,0,0,0,0,0,1,1,20260523,20260830
0000011_TR63,0,0,0,0,0,1,1,20251214,20261212
0000010_TR39,0,0,0,0,0,1,0,20260321,20261031
0000001_TR45,0,0,0,0,0,0,1,20260322,20261101
0000011_TR64,0,0,0,0,0,1,1,20251214,20261206
0000000_TR37,0,0,0,0,0,0,0,20251220,20261212
1111100_TR68,1,1,1,1,1,0,0,20251215,20261211
1111100_TR69,1,1,1,1,1,0,0,20251215,20261211
0000001_TR46,0,0,0,0,0,0,1,20251220,20261212
0000010_TR40,0,0,0,0,0,1,0,20251214,20261212
0000001_TR47,0,0,0,0,0,0,1,20251214,20261212
1111001_TR3,1,1,1,1,0,0,1,20251214,20261210
0000110_TR4,0,0,0,0,1,1,0,20251219,20261212
1111010_TR5,1,1,1,1,0,1,0,20251215,20261212
0000100_TR12,0,0,0,0,1,0,0,20251219,20261211
1111100_TR70,1,1,1,1,1,0,0,20251215,20261211
1000000_TR7,1,0,0,0,0,0,0,20260720,20260727
0000011_TR65,0,0,0,0,0,1,1,20251214,20261212
1111100_TR71,1,1,1,1,1,0,0,20251215,20261211
1000000_TR8,1,0,0,0,0,0,0,20260603,20260727
1111100_TR72,1,1,1,1,1,0,0,20251215,20261211
0000100_TR13,0,0,0,0,1,0,0,20251219,20261211
0000100_TR14,0,0,0,0,1,0,0,20260710,20260710
1111011_TR5,1,1,1,1,0,1,1,20251213,20261210
1111111_TR92,1,1,1,1,1,1,1,20251214,20261212
0011111_TR2,0,0,1,1,1,1,1,20260704,20260712
0000011_TR66,0,0,0,0,0,1,1,20251214,20261212
0000011_TR67,0,0,0,0,0,1,1,20260704,20260712
0000011_TR68,0,0,0,0,0,1,1,20251214,20261212
0000001_TR48,0,0,0,0,0,0,1,20260712,20260712
0000010_TR41,0,0,0,0,0,1,0,20260704,20260711
0000011_TR69,0,0,0,0,0,1,1,20251214,20261212
0000011_TR70,0,0,0,0,0,1,1,20251214,20261212
1111111_TR93,1,1,1,1,1,1,1,20251214,20261212
0011110_TR1,0,0,1,1,1,1,0,20260704,20260711
1111111_TR94,1,1,1,1,1,1,1,20251214,20261212
0000010_TR42,0,0,0,0,0,1,0,20261031,20261031
0000010_TR43,0,0,0,0,0,1,0,20260321,20261028
1111100_TR73,1,1,1,1,1,0,0,20251215,20261211
0000001_TR49,0,0,0,0,0,0,1,20251214,20261212
1111100_TR74,1,1,1,1,1,0,0,20251220,20261212
1111111_TR95,1,1,1,1,1,1,1,20251214,20261212
0000010_TR44,0,0,0,0,0,1,0,20251214,20261212
1111101_TR22,1,1,1,1,1,0,1,20251215,20261211
1111111_TR96,1,1,1,1,1,1,1,20251213,20261211
1111111_TR97,1,1,1,1,1,1,1,20260522,20260830
0000010_TR45,0,0,0,0,0,1,0,20260606,20261212
0000011_TR71,0,0,0,0,0,1,1,20260606,20261212
1111100_TR75,1,1,1,1,1,0,0,20260601,20261211
0000011_TR72,0,0,0,0,0,1,1,20261107,20261129
1111110_TR20,1,1,1,1,1,1,0,20260601,20261212
0000001_TR50,0,0,0,0,0,0,1,20260607,20261206
0000011_TR73,0,0,0,0,0,1,1,20260627,20261004
0000011_TR74,0,0,0,0,0,1,1,20251214,20261212
1111111_TR98,1,1,1,1,1,1,1,20251214,20261212
0000011_TR75,0,0,0,0,0,1,1,20260627,20261101
0000000_TR38,0,0,0,0,0,0,0,20260627,20260926
0000011_TR76,0,0,0,0,0,1,1,20260628,20261101
1111111_TR99,1,1,1,1,1,1,1,20260705,20261212
0000011_TR77,0,0,0,0,0,1,1,20260705,20261212
1111111_TR100,1,1,1,1,1,1,1,20251214,20261212
1111111_TR101,1,1,1,1,1,1,1,20251214,20261212
0000011_TR78,0,0,0,0,0,1,1,20260627,20261212
1111100_TR76,1,1,1,1,1,0,0,20260623,20261211
1111100_TR77,1,1,1,1,1,0,0,20251215,20261211
0000010_TR46,0,0,0,0,0,1,0,20251220,20261212
0000011_TR79,0,0,0,0,0,1,1,20251214,20261212
1111111_TR102,1,1,1,1,1,1,1,20260630,20261212
1111100_TR78,1,1,1,1,1,0,0,20251222,20261211
0000011_TR80,0,0,0,0,0,1,1,20261003,20261212
0000011_TR81,0,0,0,0,0,1,1,20251214,20261212
0000011_TR82,0,0,0,0,0,1,1,20251214,20261212
1111111_TR103,1,1,1,1,1,1,1,20251214,20261212
0000000_TR39,0,0,0,0,0,0,0,20251214,20261212
1111111_TR104,1,1,1,1,1,1,1,20260414,20261212
0000011_TR83,0,0,0,0,0,1,1,20260418,20261031
0000011_TR84,0,0,0,0,0,1,1,20260704,20260928
0000011_TR85,0,0,0,0,0,1,1,20251214,20261212
0000100_TR15,0,0,0,0,1,0,0,20251219,20261211
0000000_TR40,0,0,0,0,0,0,0,20251215,20261211
1000000_TR9,1,0,0,0,0,0,0,20260713,20260713
1111100_TR79,1,1,1,1,1,0,0,20260714,20261109
1111100_TR80,1,1,1,1,1,0,0,20260713,20261109
0000000_TR41,0,0,0,0,0,0,0,20251214,20261212
0000011_TR86,0,0,0,0,0,1,1,20260718,20261108
0000000_TR42,0,0,0,0,0,0,0,20251214,20261212
1111111_TR105,1,1,1,1,1,1,1,20260713,20261109
1000000_TR10,1,0,0,0,0,0,0,20261109,20261109
1111111_TR106,1,1,1,1,1,1,1,20260713,20261108
0000000_TR43,0,0,0,0,0,0,0,20251215,20261211
0000000_TR44,0,0,0,0,0,0,0,20251214,20261211
1111101_TR23,1,1,1,1,1,0,1,20260713,20261108
1111100_TR81,1,1,1,1,1,0,0,20260713,20261106
0000000_TR45,0,0,0,0,0,0,0,20251220,20261212
0000010_TR47,0,0,0,0,0,1,0,20260718,20261107
0000000_TR46,0,0,0,0,0,0,0,20251214,20261212
0000000_TR47,0,0,0,0,0,0,0,20251219,20261211
0000100_TR16,0,0,0,0,1,0,0,20260717,20261106
0000010_TR48,0,0,0,0,0,1,0,20251220,20261212
0000001_TR51,0,0,0,0,0,0,1,20251214,20261206
0000011_TR87,0,0,0,0,0,1,1,20251214,20261212
0000001_TR52,0,0,0,0,0,0,1,20251214,20261206
1111101_TR24,1,1,1,1,1,0,1,20251214,20261211
1111111_TR107,1,1,1,1,1,1,1,20251214,20261212
0000010_TR49,0,0,0,0,0,1,0,20260501,20261010
1111110_TR21,1,1,1,1,1,1,0,20251215,20261212
0000010_TR50,0,0,0,0,0,1,0,20251220,20261212
1111100_TR82,1,1,1,1,1,0,0,20251215,20261211
1111100_TR83,1,1,1,1,1,0,0,20251229,20260831
1111111_TR108,1,1,1,1,1,1,1,20251214,20261212
1111100_TR84,1,1,1,1,1,0,0,20260713,20260717
1111100_TR85,1,1,1,1,1,0,0,20251215,20261211
1111100_TR86,1,1,1,1,1,0,0,20251229,20260831
1111100_TR87,1,1,1,1,1,0,0,20260430,20261211
0000011_TR88,0,0,0,0,0,1,1,20260403,20261212
0000010_TR51,0,0,0,0,0,1,0,20260411,20261031
1111101_TR25,1,1,1,1,1,0,1,20260410,20261212
0000011_TR89,0,0,0,0,0,1,1,20260411,20261212
1111000_TR15,1,1,1,1,0,0,0,20260413,20261210
0000111_TR3,0,0,0,0,1,1,1,20251214,20261212
0000011_TR90,0,0,0,0,0,1,1,20260411,20261212
0000001_TR53,0,0,0,0,0,0,1,20260412,20261025
0000011_TR91,0,0,0,0,0,1,1,20261028,20261031
0000010_TR52,0,0,0,0,0,1,0,20260411,20261024
0000000_TR48,0,0,0,0,0,0,0,20251214,20261212
0000011_TR92,0,0,0,0,0,1,1,20251214,20261212
0000001_TR54,0,0,0,0,0,0,1,20260412,20261212
0000010_TR53,0,0,0,0,0,1,0,20260411,20261031
0000001_TR55,0,0,0,0,0,0,1,20260412,20261101
0000011_TR93,0,0,0,0,0,1,1,20260411,20261101
0000001_TR56,0,0,0,0,0,0,1,20261108,20261206
0000011_TR94,0,0,0,0,0,1,1,20251220,20261212
0000000_TR49,0,0,0,0,0,0,0,20260103,20261117
0000011_TR95,0,0,0,0,0,1,1,20251214,20261212
0000001_TR57,0,0,0,0,0,0,1,20251214,20261206
0000010_TR54,0,0,0,0,0,1,0,20260321,20261031
1111101_TR26,1,1,1,1,1,0,1,20251214,20261212
0000001_TR58,0,0,0,0,0,0,1,20251214,20261212
0000001_TR59,0,0,0,0,0,0,1,20261028,20261117
0000001_TR60,0,0,0,0,0,0,1,20251214,20261206
1111110_TR22,1,1,1,1,1,1,0,20251215,20261212
1111101_TR27,1,1,1,1,1,0,1,20251214,20261211
1111111_TR109,1,1,1,1,1,1,1,20251214,20261212
1111111_TR110,1,1,1,1,1,1,1,20251214,20261212
1111100_TR88,1,1,1,1,1,0,0,20260629,20261211
1111111_TR111,1,1,1,1,1,1,1,20260623,20261212
0000001_TR61,0,0,0,0,0,0,1,20260628,20261206
0000010_TR55,0,0,0,0,0,1,0,20260627,20261212
0000001_TR62,0,0,0,0,0,0,1,20260628,20261206
1111010_TR6,1,1,1,1,0,1,0,20251215,20261212
0000100_TR17,0,0,0,0,1,0,0,20251219,20261211
1101100_TR1,1,1,0,1,1,0,0,20251215,20261211
1111100_TR89,1,1,1,1,1,0,0,20260701,20261019
0000011_TR96,0,0,0,0,0,1,1,20261107,20261212
1101100_TR2,1,1,0,1,1,0,0,20251215,20261211
1111100_TR90,1,1,1,1,1,0,0,20260707,20261019
0000011_TR97,0,0,0,0,0,1,1,20251214,20261212
1101100_TR3,1,1,0,1,1,0,0,20260615,20261211
1101100_TR4,1,1,0,1,1,0,0,20251215,20261211
1111111_TR112,1,1,1,1,1,1,1,20260704,20261019
1101111_TR1,1,1,0,1,1,1,1,20251214,20261212
1101100_TR5,1,1,0,1,1,0,0,20260321,20261211
0000011_TR98,0,0,0,0,0,1,1,20251214,20261212
1101100_TR6,1,1,0,1,1,0,0,20260615,20261211
1101100_TR7,1,1,0,1,1,0,0,20251215,20261211
0000011_TR99,0,0,0,0,0,1,1,20251214,20261212
1101111_TR2,1,1,0,1,1,1,1,20251214,20261212
1111111_TR113,1,1,1,1,1,1,1,20260704,20261018
1101101_TR1,1,1,0,1,1,0,1,20251213,20261211
1101111_TR3,1,1,0,1,1,1,1,20251214,20261212
0000011_TR100,0,0,0,0,0,1,1,20251214,20261212
1111100_TR91,1,1,1,1,1,0,0,20260601,20260831
1111100_TR92,1,1,1,1,1,0,0,20251215,20261211
1111111_TR114,1,1,1,1,1,1,1,20251214,20261212
1000000_TR11,1,0,0,0,0,0,0,20251215,20261207
0111100_TR4,0,1,1,1,1,0,0,20251216,20261211
0000100_TR18,0,0,0,0,1,0,0,20251219,20261211
1111000_TR16,1,1,1,1,0,0,0,20251215,20261210
1111111_TR115,1,1,1,1,1,1,1,20251214,20261212
1111111_TR116,1,1,1,1,1,1,1,20251214,20261212
1111111_TR117,1,1,1,1,1,1,1,20260701,20261019
1101111_TR4,1,1,0,1,1,1,1,20251214,20261212
1101111_TR5,1,1,0,1,1,1,1,20251214,20261212
1101100_TR8,1,1,0,1,1,0,0,20251215,20261211
0000011_TR101,0,0,0,0,0,1,1,20260501,20261212
0000010_TR56,0,0,0,0,0,1,0,20260620,20261212
0000001_TR63,0,0,0,0,0,0,1,20260614,20261206
0000001_TR64,0,0,0,0,0,0,1,20260614,20261206
0000100_TR19,0,0,0,0,1,0,0,20260619,20261211
1111000_TR17,1,1,1,1,0,0,0,20260615,20261210
1111101_TR28,1,1,1,1,1,0,1,20260614,20261211
0000010_TR57,0,0,0,0,0,1,0,20260620,20261212
0000001_TR65,0,0,0,0,0,0,1,20260614,20261206
0000010_TR58,0,0,0,0,0,1,0,20260620,20261212
0000011_TR102,0,0,0,0,0,1,1,20260501,20261011
0000011_TR103,0,0,0,0,0,1,1,20251214,20261212
1111111_TR118,1,1,1,1,1,1,1,20251215,20261211
1111101_TR29,1,1,1,1,1,0,1,20251214,20261211
1111111_TR119,1,1,1,1,1,1,1,20251215,20261211
0000011_TR104,0,0,0,0,0,1,1,20251214,20261212
0000001_TR66,0,0,0,0,0,0,1,20251214,20261206
0000010_TR59,0,0,0,0,0,1,0,20260801,20260801
0000011_TR105,0,0,0,0,0,1,1,20260425,20260928
0000010_TR60,0,0,0,0,0,1,0,20260425,20260927
1111111_TR120,1,1,1,1,1,1,1,20251214,20261212
0000010_TR61,0,0,0,0,0,1,0,20260704,20260829
0000111_TR4,0,0,0,0,1,1,1,20251219,20261211
